re = 1000.000000
omg = 1.700000
alpha = 0.900000
dt = 0.000000
tend = 5000.000000
iter = 500
eps = 0.001000
tau = 0.500000
imax = 20
jmax = 20
dt_value = 0.0
T_c = -5.0
T_h = 0.0
pr = -1.0
gx = 0.0
gy = -9.81
beta = 0.00021
