re = 1000.000000
omg = 1.700000
alpha = 0.500000
dt = 0.00000
tend = 1000.000000
iter = 100
eps = 0.00001000
tau = 0.500000
imax = 50
jmax = 50
dt_value = 10.0
T_c = 0.0
T_h = 1.0
pr = 7.0
gx = 0.0
gy = -1.1
beta = 0.00021
