re = 33.73
omg = 1.700000
alpha = 0.500000
dt = 0.00000
tend = 45000.000000
iter = 100
eps = 0.00001000
tau = 0.500000
imax = 85
jmax = 18
dt_value = 100.0
T_c = 291.20
T_h = 294.78
pr = 12500
gx = 0.0
gy = -0.3924
beta = 0.00179
